266
256.78
251.57
248.56
246.4
243.82
242.3
240.52
238.51
237.24
237.71
237.33
236.56
235.86
234.46
233.03
232.16
230.67
229.78
228.7
227.86
227.17
226.25
225.77
225.36
225.39
225.74
225.78
225.83
225.78
225.38
224.97
224.47
224.13
223.95
223.8
223.74
224.34
225.19
225.33
225.39
224.94
224.51
223.75
226.1
232.68
230.99
232.64
234.46
231.33
229.85
230.02
231.25
231.9
236.14
233.5
233.2
236.38
235.86
233.27
230.74
228.61
227.54
226.67
225.7
224.83
224.16
223.43
222.55
221.9
221.28
221.28
221.04
220.35
219.56
218.96
218.34
217.77
217.15
216.02
215.11
214.03
212.92
211.84
211.05
209.65
208.52
207.3
205.92
204.97
203.79
202.42
201.04
199.8
198.83
197.73
196.44
195.1
193.9
192.66
191.39
190.08
189.27
188.61
188
188.21
189.26
189.71
189.89
190.04
190.12
190
189.82
189.61
189.52
189.32
189.12
188.77
188.58
188.38
188.05
187.79
187.4
186.91
186.74
186.31
185.97
185.58
185.13
184.77
184.27
183.97
183.54
183.1
182.75
182.34
181.89
181.62
181.23
180.65
180.38
179.95
179.57
179.07
178.68
178.27
177.97
177.61
177.15
176.71
176.35
175.97
175.71
175.28
174.87
174.45
174.07
173.74
173.39
173.01
172.63
172.25
171.89
171.61
171.24
170.87
170.5
170.14
169.95
169.59
169.21
168.91
168.54
168.25
168.01
167.72
167.43
167.04
166.75
166.43
166.09
165.84
165.61
165.34
164.96
164.83
164.5
164.21
164.03
163.81
163.49
163.19
162.93
162.64
162.3
162.12
161.88
161.67
161.43
161.27
161.07
160.79
160.53
160.42
160.14
159.93
159.86
159.72
159.53
159.33
159.14
158.94
158.74
158.54
158.26
158.19
158
157.96
157.7
157.48
157.44
157.16
156.93
156.8
156.67
156.47
156.28
156.19
156.05
155.93
155.74
155.43
155.32
155.28
155.05
154.96
154.92
154.8
154.69
154.78
154.85
154.95
155.01
155.09
155.24
155.54
155.72
155.89
156.19
156.41
156.75
156.96
157.32
157.66
158.01
158.47
158.84
159.43
159.79
160.17
160.67
161.11
161.48
162.25
162.99
165.76
171.33
174.55
177.31
178.71
177.13
177.1
177.71
178.4
179.01
179.78
180.58
181.46
182.39
183.54
185.03
186.82
187.44
187.89
188.55
189.51
190.76
191.7
192.56
193.22
193.41
194.04
194.86
195.67
195.99
196.2
196.49
196.87
197.51
198.45
198.6
198.49
198.75
199.22
198.82
199.21
199.23
199.28
199.23
199.17
199.26
199.56
199.46
199.44
199.59
199.78
199.89
199.82
199.8
200
200.05
200.29
200.34
200.36
200.77
201.34
201.92
202.28
202.73
203.57
204.67
206.23
212.8
220.97
227
231.67
234.1
236.84
238.43
239.14
239.74
240.21
240.19
239.3
237.39
235.12
231.27
227.58
224.4
221.7
219.31
216.95
215.29
214.3
212.82
211.68
210.43
208.8
207.44
206.52
205.07
203.86
202.61
201.34
199.77
199.01
197.3
195.79
194.03
192.39
190.96
189.24
187.54
185.5
183.64
181.81
180.35
178.73
177.3
175.55
174.23
172.51
170.89
169.34
168.18
166.81
165.44
164.37
163.4
162.36
161.33
160.25
159.32
158.49
157.68
157.14
157.03
157.98
158.85
159.21
159.57
159.52
159.52
159.39
159.23
159.1
158.89
158.74
158.43
158.17
158.01
157.63
157.28
156.83
156.68
156.31
155.89
155.53
155.24
154.82
154.46
154.1
153.64
153.29
152.93
152.6
152.25
151.84
151.41
150.95
150.57
150.12
149.71
149.39
148.93
148.37
147.94
147.58
147.16
146.73
146.4
146.03
145.49
145.17
144.66
144.21
143.76
143.38
142.91
142.49
141.97
141.65
141.18
140.77
140.22
139.94
139.37
138.75
138.42
137.98
137.59
137.32
136.8
136.3
135.94
135.58
135.14
134.79
134.34
133.94
133.59
133.01
132.72
132.3
131.94
131.6
131.17
130.77
130.38
129.92
129.63
129.14
128.74
128.45
128.17
127.78
127.4
127.25
126.84
126.42
126.02
125.6
125.3
125.08
124.56
124.33
123.98
123.72
123.27
123.06
122.86
122.46
122.04
121.84
121.54
121.23
120.79
120.32
120.02
119.76
119.4
119.1
118.76
118.3
118.11
117.85
117.5
117.19
116.97
116.79
116.51
116.2
115.95
115.67
115.33
115.14
114.9
114.72
114.64
114.52
114.39
114.37
114.29
114.32
114.27
114.49
114.61
114.65
114.76
114.9
114.9
115.14
115.3
115.43
115.71
115.8
116.05
116.19
116.43
116.85
117.18
117.62
118.31
122.7
126.36
128.47
130.48
130.75
129.19
129.15
129.55
130.13
130.84
131.26
131.91
132.64
133.39
134.42
135.45
136.72
138.06
139.32
140.6
141.96
143.23
144.78
146.18
147.52
148.99
150.15
151.25
152.3
153.42
154.12
155.05
155.69
156.35
156.95
157.52
158.04
158.45
158.98
159.46
159.82
160
160.36
160.53
160.65
160.71
160.91
161.13
161.43
161.47
161.57
161.62
161.99
162.05
162.29
162.53
162.83
163.15
163.45
163.8
164.28
164.82
165.47
166.21
166.95
167.37
168.13
171.74
178.21
183.43
186.35
189.2
191.44
192.99
193.84
194.4
194.55
194.25
193.1
191.43
189.61
186.45
183.99
182.37
180.89
179.54
178.11
176.75
175.62
174.21
172.88
171.25
169.34
167.91
166.32
164.39
162.88
161.56
160.27
158.9
157.68
156.61
155.75
154.68
153.47
152.2
150.93
149.19
147.93
146.3
144.75
143.48
141.68
140.46
139.22
137.9
136.25
134.85
133.47
131.93
130.45
129.18
127.71
126.45
125.16
124.26
124.19
124.65
124.79
124.66
124.61
124.7
124.32
124.15
123.91
123.62
123.41
123.2
122.68
122.4
122.08
121.62
121.19
120.99
120.74
120.31
119.82
119.31
118.94
118.39
118.02
117.64
117.13
116.66
116.29
115.74
115.36
114.87
114.47
114.17
113.95
113.52
112.95
112.63
112.24
111.81
111.23
111.31
110.85
110.5
109.98
109.47
109.05
108.69
108.59
109.15
109.32
109.51
109.45
109.32
109
109.23
108.9
109.1
108.76
108.33
107.85
107.47
107.05
106.61
106.15
105.43
104.93
104.68
104.2
103.72
103.37
102.85
102.11
101.88
101.58
101.34
100.92
100.54
100.03
99.62
99.1
98.76
98.22
97.86
97.54
97.06
96.56
96.23
95.88
95.47
95.05
94.71
94.45
94.12
93.73
93.44
93.02
92.67
92.33
91.98
91.7
91.4
90.93
90.58
90.3
90.01
89.78
89.44
89.21
88.78
88.24
88.12
87.78
87.49
87.31
86.99
86.64
86.1
85.77
85.55
85.22
84.97
84.5
84.18
83.84
83.58
83.39
83.16
82.82
82.52
82.33
82.19
82.01
81.8
81.5
81.17
80.82
80.8
80.53
80.47
80.39
80.32
80.29
80.26
80.3
80.33
80.54
80.64
80.65
80.66
80.79
81.05
81.02
81.26
81.41
81.73
81.88
82.3
82.52
82.78
83.28
84.41
86.93
88.19
90.88
91.65
91.06
90.69
90.85
91.32
92.05
92.57
92.98
93.51
93.87
94.45
95.12
95.65
96.46
97.35
98.18
98.92
99.73
100.69
101.61
102.61
103.66
104.67
105.49
106.18
106.92
107.83
108.68
109.57
110.41
111.24
112.08
112.93
113.57
113.98
114.46
114.93
115.08
115.39
115.57
115.48
115.46
115.49
115.55
115.52
115.59
115.46
115.19
115.01
114.89
114.79
114.71
114.76
114.92
114.85
115.05
115.4
115.67
115.89
116.31
116.66
117.22
117.59
118.34
120.42
125.71
130.17
132.8
135.78
137.61
138.8
139.34
138.62
137.11
135.71
134.73
133.42
131.59
129.73
128.35
127.59
126.59
125.53
124.68
123.6
122.77
122.06
121.4
120.79
120.33
119.87
119.21
118.7
118.16
117.41
116.87
116.26
115.34
114.37
113.26
112.02
110.86
109.81
108.34
106.98
105.73
104.19
102.71
101.32
99.83
98.25
96.63
95.28
93.95
92.52
91.42
90.36
89.12
87.9
86.76
85.85
84.9
83.69
82.72
81.94
81.02
80.24
79.36
78.73
78.13
77.42
76.63