323.5
323.2
323
323
322.8
322.5
322.4
322
322
322
321.9
321.6
321.8
322
322
321.9
322
322
322
322
321.8
322
321.8
321.6
321.9
321.6
321.3
321.3
321
321
321.2
321.7
322
322.8
323.2
323.5
323.9
324
324
324
324
327
326.8
326.7
326.9
326.9
326.9
327
327
327
327
327.2
327.1
327.1
327
327.3
327
327.2
327.9
328
328
328
328
328.2
328.5
328.9
329
329
329.2
329.1
329.1
329.1
329
329
329
329
328.9
329
329
329
328.8
328.3
328.3
328.1
328.1
328.1
328
328
328
328
328
328
328
328
328
328
328
327.9
328
328
328.2
327.9
327.9
327.8
327.8
327.7
327.8
327.8
327.9
327.8
328
328
328
328
327.8
327.9
327.9
327.9
327.9
328
328
327.9
328
328
327.9
327
326.7
326.5
325.9
325.8
325
325
325
325
324.1
324
324.1
323.7
321.7
321.7
322.2
322.2
322.1
323
323.5
323.8
323.8
324
324
324.3
324.3
324.8
324.6
324.9
324.8
325
325
325
325
325
325
325
325.7
326
325.9
326
326.4
327
326
325.8
325.5
325.1
325
324.1
324
323.3
324
323.8
323.9
323.5
324
323.9
323.8
324
324.1
324.1
324
324.6
324.9
324.2
324.6
325
325
325.1
324.8
325
325
325
325
325
325.4
325.3
325.3
325.2
325.6
325
324.9
325.1
325
325.7
325.8
326
325.1
325
325
325
325.1
325
325.3
325.5
325
325
325
325.2
325.9
326
325.2
325.5
325.9
325.9
326
326
326.1
326
325.9
325.7
325.9
325.1
325.1
325.1
325
325.1
325.5
325.6
325.9
326
326
326.1
326
326.1
326.1
325
325
325
325
325
325
325
325
324.8
324.8
324.6
324.5
324.9
324.9
324
324.5
324.2
324.2
324
323.6
324
324
324.9
324.9
325.1
325.7
326
326
326
326
326
326
326.1
326.2
326.1
326.3
326.1
326.3
326.2
326.1
326.2
326.2
326.7
327
327
327
326.9
326.9
327
325.5
325.8
326
325.7
326
326
325.9
326
326
326.1
326
326.3
326.4
326.2
326.4
326.9
326.8
326.6
326.7
326.6
326.5
326.1
326.1
326
326
326
325.9
326
326
326
326.1
326
326
326
325.5
325.7
325.6
325.4
325.1
325
325.3
325
325.1
325
325
324.9
324.8
324.3
324.1
324
324
324.2
324
324
324
323.5
323.4
323.4
323.1
323.1
322.9
322.4
323
322.2
322.4
322.3
322.1
322
321.3
321
321
321
321
321
320.8
321.1
320.9
320.6
320.2
320.6
320.4
320
320
320
319.6
320
320
319.7
319.1
319
319.2
319.1
319.6
319.4
319.4
319.1
319
319.1
319.1
319.1
319
318.9
318.5
318.2
318.1
318
318
316.6
316.1
316.7
316.7
317
316
316.8
316.3
315.1
316
316
315.7
315.6
315.4
316
315.6
316
316
316.5
317
317
317.5
317.3
317.9
318
318.1
318.6
318.9
319
319.1
319
319.6
320
319.9
320
320
320
320
320.1
320.2
320.3
320
320
320
320
320.3
320.8
321
321.1
321
321.7
321.8
321.2
321.4
321.5
321.3
321.1
321.1
321.4
321.3
321.4
321.2
321.8
321.7
321.1
321
321.3
321.1
321.1
321.2
321.3
321
321
321.1
321
321
321
321.2
321.3
321.6
321.2
321
321
321.3
321
321
321
320.9
320.7
320.8
321
320.8
320
320.2
320.5
320.6
320.8
320.8
320.6
321
321
321
321.5
321
321
321
321
321
321
326
325.3
325.1
324.9
324.5
324.7
324.9
324.7
324.5
324.2
324
324
323.9
323.8
323.8
323.8
323.2
323
322.8
322.8
323
322.9
322.8
322.4
322.9
322.2
322.6
322.9
323.1
322.9
322.9
322.1
321.7
321.4
321.1
321
320.8
320.3
319.6
319.4
319.1
318.6
318
318.1
317.9
317.8
317.6
317.8
318
317.9
318
318.1
318
318
318.9
318.6
323
322.2
322.2
322
322
322.1
322
322
321.8
321.6
321.4
321
321.1
320.9
321
320.9
321
321
321
320.4
320.5
320.7
321
320.9
311.9
311
311
310.4
286.1
286.8
285.8
285.8
286
284.9
284.7
284.9
284.3
284.7
285
284
283.4
283.3
282.5
283.1
283.1
282.8
283
283.1
282.2
282.2
282.3
282.1
282
281.6
281.9
281.6
281.9
281.7
281.3
281.4
281.6
281.4
281.9
282.3
282.1
282.2
282.3
282.1
282.3
282.6
282.6
282.5
282.7
282.7
282.7
282.8
282
281.2
281.5
281.8
282.1
281.3
280.1
279.9
280.3
279.9
279.5
280.1
278.8
279.6
279.2
279.1
278.9
278.9
278.6
278.6
278.6
278.6
278.1
278
272
271.7
271.6
271.6
271.8
272
271.7
271.5
271.4
271.3
271.5
271.7
272
271.9
272.4
271.7
271.4
271.8
271.7
271.2
271
270.3
270.5
270.9
270
270
270
269.9
269.3
269.4
269
269
268.7
268.7
268.4
268.4
269.6
269.2
268.9
268.5
268.3
268.3
268.1
268
267.8
265.9
265.9
266.1
265.8
265.9
265.7
265.7
265
265
265
265
264.6
264.5
264.2
263.9
265.4
265.2
265.4
265
263.3
263.5
263.3
263.3
262.2
262.7
262.4
261.6
261.4
261
260.6
260.5
260.2
260.5
259.4
259
260.2
259.8
259.6
258.1
257.7
257.7
256.8
256.9
256.4
257
258.3
257.5
257.5
255.7
255.2
255.1
254.2
254
253.6
254
253.9
255.6
254.2
254.5
254.2
253
252.7
252.7
252.2
252.3
252.6
252.1
251.8
251.2
251.2
252.9
251.8
250.6
250.4
249.7
250
249.7
249.7
249.1
247.3
248.6
248.5
249.1
249.1
248.8
248.3
247.2
247.5
247.5
247.2
246.3
246.3
246.8
246.1
246.2
245.7
246.3
247.7
248.1
247.7
247.9
247
246.6
246.3
246.5
246.7
246.4
247.3
248.9
249.3
247.5
247
246.6
246.5
246.9
247
247.1
246.9
247.1
246.9
247
246.9
247.1
247.4
246.8
246.7
246.9
248.2
246.9
246.6
247
247
247
248.5
246.3
245.7
245.9
245.7
245.5
245
244.9
244.6
244.9
244.5
244.2
244.9
245.1
244.8
245.3
247.6
247.1
247.2
246.1
246
246
245.4
245.5
245.6
246.2
245.5
245.1
245.1
244.8
244.9
244.8
244.4
243.7
244.2
244.1
244.2
243.8
244.5
244.3
244
243.8
243.6
242.9
242.9
242.9
242.1
242.6
242.4
242.1